1252881600
3473233200
1463386100
3502888500
2149185200
3403443800
2179667500
3481688900
2584114500
3489699200
3493659300
3321752900
3489653500
3464370500
3377813400
3489551600
823446300
3429639800
3520179100
1124425500
3509826700
3522925900
3519107800
3501734500
3358086100
3178771900
3502301700
3490817500
3422171600
3477360400
3513620600
3372500900
2021323100
1020019800
3513677100
2192027900
2039649100
3463701600
3463637900
3382718500
2148739300
3489443600
3447910100
3490811700
2463590700
2435580600
3499800600
2954593800
2492292500
3494552400
3467694300
3478784500
3490926300
3520289500
3482944800
2025433100
3521016400
3478303200
2670582700
2183099800
3448956500
2149908300
3501099100
1147745500
2761955200
3489601400
3428938900
3463816400
305194300
3058329200
3502624100
3489856200
3181006200
3489720200
423680800
3421117900
2580251500
2129969300
3469753800
3447712700
2586349800
2687664600
3464048600
3464194900
3439308500
1073047200
3502900700
3494863200
3493790800
3478666300
2795949100
3501311300
3419709500
3463528400
3494798500
3067714100
1280741100
3484667900
349719600
3309066100
3497508100
3490302900
3441733100
3490425300
3490818600
2782696800
3409691400
3490319800
3503039600
3501541900
3520655900
3393329800
3508393400
3449200400
3478782300
3314284300
3397909600
1983045300
3447095800
3468246300
1391014500
3512882100
2678815100
3489996700
1375196400
339361200
3469918300
3500296200
3462239800
3158578700
3473580300
3397136400
1186513300
3454157500
3463217300
3346546100
3474766500
3464750300
1274422900
3493437600
373233000
2179656800
3420142500
3471086900
3489806500
2156603800
2963983400
2782429400
3477426700
3501126400
