948251400
523223500
2732908500
3370077800
1925345200
1095610400
995414700
2970191400
2197312600
2524407800
1060934200
136905700
2817980800
632724100
1396383800
1692432900
2369349100
3264404500
1436554100
3156448600
690729100
3212288400
1911288600
439788900
1104362500
2753447300
3113206500
494954200
1792329800
1837083500
390995900
1587504200
304845000
1379062100
2702542100
27836000
491223200
2419860400
280679800
2238423500
794967000
2302979100
3237341400
1006012400
244088300
1467114800
3245822300
295293400
1798708200
41137600
1457408500
1663131300
81570100
2280779000
841982600
137252900
2537688400
2442005900
1563299200
395249400
1144166200
2715381500
648884800
274514000
2538379800
870049500
3010964100
2046371900
1723812900
513502600
510649300
695839700
3328673600
3544510400
3531103600
554978400
3441676200
1487347500
473243100
1062455200
1549518400
3079546800
1020169400
2900280700
1819242000
949711600
49966000
3389377800
2433116500
2755142900
1602117000
1737100300
2799327300
244707800
980413300
969244600
1032341200
2764188400
1523812300
1330488000
3428698400
395136000
759866700
982408200
754701000
2941686700
1343822800
1229003000
597030200
2636850400
499494000
125029200
1603371200
984495600
2771041200
964318900
2497932500
250989000
1192705900
812070800
2832746100
360414300
492303300
2749756500
3319833500
290840500
3202460300
1697612900
3034276800
2984442400
2195853200
923713000
492088100
2533990400
495115700
499870200
834313300
3469479300
327152000
1625476700
956808000
3386604600
2974315600
763981800
546360200
1246721600
654692900
5792900
1071613600
2823961500
469433800
1909921300
511109400
592380800
2659183200
1429531000
358015400
