250358500
55002000
396003500
1007287900
1072548100
3187596300
2622821800
2663326400
1054296400
2709730600
492824800
359456800
1025813900
307230800
317438000
354148700
709914700
375759500
2796833200
642143700
897243600
2057224500
1021501400
2842677300
454516300
254536700
308211200
373847000
2931601400
2273811400
1923149200
2628443600
171759300
24080300
836706100
1339473600
2801308200
514682800
1130331200
710979300
2358083900
1765053500
844600100
313658600
756017900
1931837100
254646800
1900004000
376828300
1024296200
2104273500
494063400
383625200
1584834800
1119369100
827931000
1300067300
2496622100
1520258000
534018600
1434733700
7552600
50142300
527171600
1718747400
503826500
100268000
1595649100
905329800
731970400
1812928400
791859000
3234797100
836034800
2542909700
599087400
30020400
95345800
3098574300
544862000
547033800
554537300
923547100
972608900
3137261300
931331700
63617800
185971200
770869800
3057622400
2870158700
1071686800
396648000
562914100
53760000
2063862100
1362429800
915855900
504394300
409607500
2068384500
524761000
15234600
271701300
346003800
523905300
1758874400
2293598300
358104500
309334500
759313100
181905600
2465675700
312406500
1276101000
1786625000
3031620400
1257798200
445266400
624395200
1762983700
873469100
1772276900
442444500
270922300
2224076300
392480600
3364131600
1916244100
854742500
1121448600
41312500
357898400
116011400
543824800
1073506500
463590000
15856400
39630800
249713100
2859504000
489558300
1127900400
554851000
2755024400
1030221300
2727539300
397729100
345418500
2694326700
1404375700
1940506500
1355257500
258538400
1215447400
2404119700
304179600
3153324700
86988800
2977579500
915641700
382845300
1054048300
380212500
1849822100
940560100
602036900
137458200
39858900
1031527100
1420521500
846308700
312139500
570756800
476804800
1072293600
3433100
1297714300
39128800
445287100
1195078100
827731500
1368280500
965125700
3441620400
6665200
694986600
332352100
1928594500
35598900
1306569100
634111100
24648900
772565000
1042404600
353136300
1916269300
354449800
78788400
305082900
3293952400
859424900
2625154100
2642812800
958796600
1758764500
380714600
1472089600
2146836300
244105800
748088500
378010000
616506500
1357609800
714825100
710321500
512394200
2042975700
835466700
280773400
1650513500
2070239500
873727200
1934024600
1922921800
1716677400
492831100
745938800
1442882800
304312100
53905200
2575384800
123346100
809302600
394433600
454009300
343942900
1332489400
995276600
316171700
1014988200
852023800
2252587600
305269500
3247606400
2088441800
1652575400
861281100
395935400
460718800
2414339800
609197500
598980500
10472600
1300589100
812705200
1172211400
1057379000
563676200
570788300
1714068400
1729349200
39786500
362676500
2848762700
1336464600
2441456400
236485200
1806476500
1263475300
1157029100
2768754900
2868752600
2489827200
1208486300
543082300
985044600
295013500
137978600
1505061500
1335709000
616922700
1667198200
978242100
1096339300
290785800
634427900
1825741200
1779330700
2938524700
1989934900
517670600
2812228100
476411200
465250600
531120000
726601000
407732600
281413400
3367890200
2025667900
3356429300
466243500
2410225400
423834900
3480854600
2692484900
1106710900
563580300
974811300
75455800
951838300
1420005400
2110147600
646696800
3207789200
2471749300
19159200
2256826000
904064300
2185666400
285245000
334805200
1025600100
375472700
21417700
2720242100
3171232900
2976811300
100672800
644074800
2678670200
2366695800
168566900
454325400
920182000
121406900
741482600
281710500
3308990500
1244603900
940189300
2128188400
58428200
2040162700
2795230800
2837136700
285179100
782239800
260233600
269736100
2497025200
872062400
1486376700
939179000
1215321700
1736092500
2126201900
506679200
278276500
1374660800
384760400
1391942600
591652800
290662000
504469400
1358503100
55745800
979573700
949491700
626486400
522136500
897653100
987987900
643192000
2010181800
1271585500
674810300
3483615600
756317700
3481880300
2796706900
515994000
3482150700
645793100
879579600
3109055600
1951590800
2955236400
1638775100
