51751300
33587800
1530017200
2897873600
463474500
872703300
1651396700
1253061900
37710600
2690659600
3278276700
172051600
919959400
285842000
996285300
77588200
616603700
963109300
1020477300
514889600
122633000
617927000
1580589400
1027281500
19371300
2496240500
11008600
937126700
2846646500
120841000
1352723100
1016837900
3114891400
924580900
250181300
3118784700
593503800
263294200
846358500
1099124600
332658500
824332300
1963700200
78040100
2822515300
359333300
1301459300
734845600
3450510600
3739500
346400800
455318800
343263700
2578986100
361247600
78161700
932798200
534083200
2176161400
