734170800
664981400
2571946100
619509500
843727500
448686800
860315800
359159600
3413602800
1142961600
929628200
2682037400
312587800
2782138500
153622000
1844460400
644473700
244374600
381818400
458681300
714431800
786580300
530613000
394996100
2392357500
3250035700
545857000
823035000
844623000
569777000
1060147400
2898483800
463192900
476582000
2944966300
2307072300
632900400
48289600
584312800
599014800
739621600
632812500
171923700
267027200
792317500
302596300
623447200
1135126300
1600951800
354008000
743614200
12329900
2773091700
1185634500
657272600
2279612100
609320000
550341400
1656533800
906429200
930618100
249571300
1650471000
472108500
232311100
1443462000
1347226200
2010044100
1144616300
2740884300
386158400
157264000
857483900
79365600
819337400
2580402400
258901700
234746700
2696160800
519915000
752422800
3399615100
729966000
2697416800
531181400
422268300
506965600
309271400
284721500
344425000
2280503800
381499700
396125400
1006270100
3099467600
1353323800
1043973100
3374435300
2976357900
1085477500
546752300
472324100
860732000
373611200
852209200
2337507800
276151700
1220476800
2523535100
2767487800
24270700
1252939000
493323100
361682100
1364596100
546091300
1347346800
624264100
2979737800
273065100
5245400
2289571800
454039200
847373400
782227400
302740300
2818243400
2090903200
627826800
3273230800
390025700
1506230400
903536900
369206600
3316800500
437572800
905335600
595451000
1069710500
652949800
55524200
2191435400
2417966100
262966100
1975272300
3288812300
158282100
2903513800
3070536500
2830721200
2208179400
765002300
578687300
429558600
690335000
1351431900
362677500
243463500
1406611400
1023491700
547962300
273588800
3113003400
527694300
3204383700
138986200
3271089300
1750086000
964388900
71464600
965018200
327810300
1933722400
953049000
313371200
498582900
1014113100
397702900
1404587300
772902000
942889000
657270000
1755137000
244597500
306895200
116532300
873785100
704692600
2720390600
149030500
6517700
455164700
494920900
459785600
841355200
764716100
291281900
1049370300
2754882400
1847275200
190089000
710253300
69599000
309713500
123572300
