2672025600
2434350400
577935700
342001200
965742000
17862700
2892823200
824147800
376761300
2761802500
547010900
2994217600
1374344100
1430379000
986491200
2120494600
1746779300
1004698500
130109500
519813200
442693200
1765888400
1042499600
1963828200
264236400
1330040000
867234500
1046888600
2648939300
2604518900
20145400
620066200
542888800
1163343400
395412400
1582003700
2936401600
1814760500
57639700
1746417500
170198100
392506800
1257123200
592272400
2822318600
651401300
740500
84726800
931930800
1587442800
2565905100
1246604400
453451800
1064863100
979996200
727626200
3098649100
925934900
1289900
3283883400
121474900
842405100
674478100
1791936300
913453400
1445482500
231612500
116003300
750530800
2730500700
1505989300
761017100
2723785300
1375978500
1600905300
1934579000
3109271800
1106102900
345697200
1151893400
522182400
305172100
295513100
2363974500
1030405000
1977582500
654403500
1402773800
745782500
995043300
774784400
867202200
1159562700
544261300
2458944100
303506000
2861603000
15592500
2923268300
1543413800
1398006500
68688300
122698400
1079706600
2276084200
793529100
1661709100
1094641000
130307700
766456000
2213336300
