1097615700
1657583100
1220438900
792861400
1670898900
172795900
1127709500
3081969400
1138110200
1501194100
547117300
903148800
752831900
814615200
1482624900
642323600
1582811900
664269400
1626795800
704933200
4441100
2690734800
858265500
1433206400
1146998000
1986444700
1014404700
2282055800
1744533400
349023600
1141040800
2286549300
798203200
762615900
565562900
2442026300
2078462600
23279300
1375805000
437313500
1175691700
1526997200
1981468600
2756000700
12117000
67179000
1229378600
452194800
328828300
897823700
2823421600
1029378200
116573500
249428300
499895300
23569600
1182831900
