545555700
1320884700
937465000
1315897000
921660000
884654800
503918900
616911900
3039343100
53847000
2786855200
404463400
1106618600
510689300
51375900
1582908900
953548400
1059593000
1935129700
939996900
857943400
990379600
604477800
2108180200
287670200
739714900
695992600
137771600
568881300
1278925800
3516436400
268086300
5761300
3261972100
182394900
1753650900
2066599700
2284055700
181698500
1203543400
1830307100
3311623400
1174701100
1813467800
547275000
399091000
522719100
404768500
25661400
345240700
450629100
2404949600
1767613000
415410000
513426700
250779400
2074915600
1577925100
2437313400
2267175400
101749500
43352100
1505500
