27958000
814170600
1131022100
909444500
1071069000
375552300
874245600
1095765900
2889143100
2416421200
452227400
635932800
1095857900
1766019400
839863300
329250900
928396200
993320000
420724900
1547029000
1974544900
342904100
1513659300
417366500
3011231900
1498984500
271002500
254547300
1635731500
2473668000
357719100
410248800
2889084900
924555300
2053673900
494145400
3058147800
450269100
3260566700
1272127700
1816313200
366513400
1005569200
1036472000
896943500
603447000
694119300
3261278400
1241701600
1398103700
869090600
3400133200
3474055600
331992900
2320498100
2281593100
1033963900
740266200
1873305400
2132718300
1540408100
670468500
416942000
309149800
1538270500
493120200
913415300
1048367800
467204700
2205488600
951510500
845517700
3393066500
463152400
904235000
1056696400
3317879400
915014900
615338200
2602660800
466146800
2641846700
416996500
569926300
2819434200
864512000
1152621200
38198800
305745400
