836903600
281768600
137922200
3143727300
349138200
171633000
1570079000
281988000
3101803100
1322363100
2030544600
1079882400
361669900
781463000
369913600
1377004700
595242700
371533700
1051991600
1057962200
83149000
981720900
2577357900
2569711500
1339826400
1445339000
1617167900
3116277900
261843400
410963700
1010324500
1106742700
1578453000
281143900
1342035600
382401800
2158939300
562928900
598632500
2061647800
312697900
12682600
503257800
2493087500
2041374500
839529500
1058129400
1792706700
1796644200
2571612300
