3260645400
911214800
2629014600
784164700
951789100
78544700
347870300
794184100
874889700
3534777500
809727300
1143677900
1292604000
2709667000
1262080500
1059149400
954610400
799616700
1071084000
2450866400
704961800
417814500
1127074000
469806600
2384368200
229540700
1227125600
2976964600
644758400
88346400
1042643600
634702900
695907100
791418200
360995900
1194059600
4171100
39201800
1524687600
1953573800
740780300
2650269400
1134027600
1294928100
781385800
3424153100
119650400
188658400
405533100
2667571200
1015257200
957659900
1045049100
18836500
385529000
180043000
402796500
645487000
200850100
1007043100
420241000
