342654500
1919267900
454326300
1187242300
2316855400
592771600
206834400
754546300
3075688400
982142800
2352816800
2908662400
512020000
3074034500
4573200
3208790300
1005700600
3494147800
1531852100
3441208500
1843362200
1057810500
1179259200
3527626400
450553700
1296176500
3356610200
1135391600
3186805900
646007300
844865800
227265300
1045267200
644029700
986561100
1969395400
3540526800
1820021000
3488270900
3062628100
1477656100
952106400
517880400
2124443500
3441788700
2352368600
3085726100
1466802400
944373700
70222400
2506880400
3100538100
781875600
3483614700
2760058200
3460806100
2551715800
2870461400
2876253600
3106674400
3036865300
975095500
3529317200
3284501700
1952830200
3537999600
395835300
764350300
3188935300
2459579700
364358600
